2.1384826|140.13499|129.39000|48.091999|439.77499|480.45560|480.88300|478.24254|0.0000000|1531177.0|1572572.0|920.00610|919.53470
2.1300545|139.98399|128.89999|48.292999|439.85901|453.62740|454.41750|452.89417|0.0000000|1531128.0|1573094.0|919.94200|919.79830
2.1193488|140.60300|129.44501|47.604000|439.20700|431.53980|432.65640|430.29533|0.0000000|1531007.0|1572524.0|920.02840|919.37090
2.1064450|139.11501|127.82900|46.030998|437.45700|411.57040|411.17630|410.39861|0.0000000|1532254.0|1573408.0|920.47570|919.04160
2.0960080|138.84801|127.06600|46.478001|437.44601|391.02760|392.65210|390.94206|0.0000000|1531671.0|1573604.0|920.00930|918.87830
2.0879572|139.11900|127.77500|47.528999|438.87601|376.99230|373.82320|373.93593|0.0000000|1531568.0|1573346.0|919.83720|919.56860
2.0766067|139.78600|128.55499|48.386002|439.72299|364.01199|363.61970|361.78555|0.0000000|1530945.0|1572924.0|919.80360|919.57300
2.0676149|138.95500|127.83600|47.455002|438.88699|352.22320|353.46090|351.24475|0.0000000|1531366.0|1573400.0|919.69700|919.61300
2.0565167|139.78300|128.46201|46.749001|437.99600|341.05940|341.66160|339.49666|0.0000000|1531031.0|1572667.0|920.03680|918.90840
2.0358612|139.62801|128.20500|47.349998|438.64099|323.42610|323.02810|321.51486|0.0000000|1531541.0|1573088.0|920.07600|919.39290
2.0273333|140.82201|129.28000|48.894001|440.09601|313.08280|314.59010|312.29476|0.0000000|1530272.0|1572659.0|919.75380|919.69640
2.0187025|140.37601|128.83800|49.085999|440.27802|306.29599|307.35460|305.45573|0.0000000|1529938.0|1572582.0|919.57930|919.64390
2.0073470|140.60500|129.14999|47.758999|439.00900|304.75430|305.09000|302.99031|0.0000000|1530470.0|1573570.0|919.68440|919.82320
1.9980675|138.80000|127.53400|46.275002|437.74899|296.57790|296.30760|295.39042|0.0000000|1532153.0|1573447.0|920.25940|919.15050
1.9888874|139.72301|128.29900|47.676998|438.75400|293.85590|293.74620|292.65267|0.0000000|1531424.0|1573289.0|919.95330|919.53370
1.9808098|140.22200|128.71500|47.888000|439.10199|289.97570|289.44830|288.60940|0.0000000|1531021.0|1573100.0|919.93160|919.53020
1.9726914|139.78600|128.36301|48.476002|439.70599|285.75590|284.35740|284.09578|0.0000000|1530643.0|1573082.0|919.66150|919.66630
1.9619297|139.02800|127.33300|48.109001|439.03500|281.55701|281.66060|280.46998|0.0000000|1532250.0|1573377.0|920.28760|919.51280
1.9531331|139.78700|128.37801|47.769001|439.01001|276.97160|278.65710|277.38456|0.0000000|1531337.0|1572849.0|919.92370|919.34490
1.9453914|140.76801|129.50000|48.834000|439.97299|275.69240|275.76250|274.81743|0.0000000|1530194.0|1571845.0|919.67440|919.22240
1.9376656|140.06700|128.61800|48.507999|439.67001|275.30690|274.60300|273.14284|0.0000000|1530178.0|1573184.0|919.45200|919.71530
1.9273473|140.05400|128.69099|47.598000|438.89700|271.41320|273.28420|271.14095|0.0000000|1530634.0|1573099.0|919.63310|919.46230
1.9207785|139.49500|128.19400|46.722000|437.99799|270.29660|270.60310|269.37959|0.0000000|1531259.0|1573849.0|920.01910|919.59080
1.9106169|139.52299|128.10699|47.415001|438.64600|266.47880|267.83850|266.70335|0.0000000|1532248.0|1573001.0|920.43830|919.34350
1.9033212|139.39301|128.12000|48.264000|439.60599|264.88380|266.55110|264.55337|0.0000000|1531297.0|1572802.0|919.90380|919.47490
1.8942809|140.02000|128.53600|48.808998|439.95300|264.25380|263.24010|262.41733|0.0000000|1531034.0|1572289.0|920.07710|919.29560
1.8879765|140.37399|128.80299|48.320999|439.35001|261.22730|261.24650|261.41498|0.0000000|1530724.0|1572955.0|919.82710|919.51660
1.8782743|141.63400|130.25301|47.630001|438.88300|260.12900|261.07880|260.20050|0.0000000|1530132.0|1572240.0|919.67430|919.45560
1.8721480|139.31500|127.98300|47.757000|439.03101|259.07240|260.15910|258.46822|0.0000000|1531823.0|1573239.0|920.04810|919.58480
1.8634569|139.16200|127.78900|48.962002|440.22198|257.76430|259.10890|257.11580|0.0000000|1531451.0|1573190.0|920.22470|919.74250
1.8564822|138.20900|126.77800|47.709000|438.93600|256.43820|257.72180|255.49027|0.0000000|1532385.0|1573991.0|920.22210|919.70280
1.8473132|139.89500|128.67799|47.737999|439.12701|255.24570|255.35690|254.40848|0.0000000|1531270.0|1573000.0|919.93580|919.47790
1.8397389|139.65100|128.23000|48.207001|439.42300|255.29230|255.81640|254.30750|0.0000000|1531193.0|1572866.0|919.86950|919.47910
1.8331235|139.03300|127.50800|48.441002|439.54099|251.91510|251.53799|251.60645|0.0000000|1530889.0|1574390.0|919.61310|920.26300
1.8249105|139.69701|128.23199|48.874001|440.02701|251.92760|252.69060|251.10433|0.0000000|1530599.0|1573312.0|919.80070|919.87480
1.8175563|139.67000|128.31700|48.230999|439.47900|249.92520|250.70000|249.16374|0.0000000|1531292.0|1573160.0|919.93760|919.66740
1.8111325|139.50200|128.06799|48.549000|439.83600|248.95300|249.84310|248.32388|0.0000000|1532062.0|1573466.0|920.50550|919.89840
1.8046691|139.15401|127.65100|47.867001|438.97400|248.99530|249.70210|247.98077|0.0000000|1532036.0|1573135.0|920.14410|919.45880
1.7906090|139.46700|128.16299|47.686001|438.99600|249.46140|248.93900|247.57332|0.0000000|1531703.0|1573702.0|920.01960|919.84390
1.7828978|139.87801|128.55400|48.070999|439.41199|249.86630|250.08680|248.26861|0.0000000|1531468.0|1573753.0|920.08590|919.98760
1.7767690|140.59000|129.18800|48.650002|440.00601|249.87020|249.46320|248.89320|0.0000000|1530582.0|1573158.0|919.83970|919.93550
1.7684825|140.18600|128.80901|47.473999|438.79001|249.25880|250.61099|248.41815|0.0000000|1530563.0|1573184.0|919.66810|919.49080
1.7617165|140.72900|129.35001|48.099998|439.42099|247.09060|246.34850|245.58826|0.0000000|1530487.0|1573048.0|919.74370|919.68690
1.7565620|139.74300|128.47800|47.723999|439.09399|246.52930|243.30360|243.95059|0.0000000|1531515.0|1572586.0|920.01290|919.22350
1.7492067|140.19200|128.68700|47.432999|438.64301|243.88280|244.63000|242.79086|0.0000000|1530664.0|1573241.0|919.74460|919.46510
1.7434033|140.04500|128.54800|47.182999|438.44400|241.16540|240.67980|240.64337|0.0000000|1531355.0|1574181.0|920.18560|919.94510
1.7361839|139.73700|128.26900|47.589001|438.74600|242.45500|243.01210|241.84735|0.0000000|1531268.0|1573334.0|919.87780|919.55880
1.7304874|139.67900|128.42799|46.992001|438.29999|239.96620|242.93510|240.88882|0.0000000|1531262.0|1573310.0|920.03750|919.38850
1.7241609|140.39301|128.93600|47.699001|438.90799|242.16520|242.79440|241.52882|0.0000000|1530800.0|1573448.0|919.83470|919.68260
1.7165113|139.55000|128.12100|47.016998|438.25601|239.52960|242.26550|239.65721|0.0000000|1530701.0|1573359.0|919.62710|919.39950
1.7116385|139.27699|127.87400|46.945999|438.20300|240.49170|241.36301|240.28478|0.0000000|1531847.0|1573527.0|920.20580|919.45400
1.7041275|139.27000|127.81800|48.425999|439.61499|240.44701|241.43910|239.56900|0.0000000|1531213.0|1573064.0|919.88040|919.55910
1.6987318|140.42700|129.03000|48.587002|439.83899|237.03810|238.88270|237.10584|0.0000000|1531094.0|1573339.0|920.10600|919.94520
1.6932983|139.78700|128.40601|49.655998|440.91901|239.00410|238.97060|237.94906|0.0000000|1529967.0|1572506.0|919.76620|919.62100
1.6860684|139.38100|128.03300|48.311001|439.59698|237.18770|238.90740|237.33069|0.0000000|1531421.0|1572662.0|919.99100|919.37700
1.6691886|140.21201|128.82800|48.112000|439.39301|236.61920|236.22250|235.71512|0.0000000|1531001.0|1572852.0|919.92860|919.46520
1.6639920|139.85500|128.50999|48.326000|439.63199|235.84640|237.51290|235.72728|0.0000000|1530963.0|1573484.0|919.81200|919.87230
1.6576882|139.26900|127.77800|48.042999|439.28900|235.26780|234.48630|234.61213|0.0000000|1531863.0|1573257.0|920.11920|919.64200
1.6415597|138.42101|127.06500|48.999001|440.26801|231.83350|233.54060|232.06936|0.0000000|1531166.0|1573432.0|919.70230|919.88670
1.6349553|139.88499|128.49300|50.306000|441.49600|230.78070|232.22980|231.58861|0.0000000|1529603.0|1573864.0|919.65670|920.64840
1.6307250|141.15800|129.79300|49.632999|440.90701|231.28150|232.37199|230.57612|0.0000000|1529302.0|1572353.0|919.44170|919.91900
1.6241604|139.83099|128.44099|46.673000|437.93900|229.82560|231.10520|229.50197|0.0000000|1530853.0|1572783.0|919.97060|918.96170
1.6200023|139.07300|127.75200|47.495998|438.81000|230.80280|232.15620|230.60398|0.0000000|1531364.0|1573242.0|919.70770|919.48750
1.6141561|138.82100|127.37800|47.216999|438.40601|230.00600|231.61080|229.75159|0.0000000|1532097.0|1573886.0|920.16050|919.64110
1.6094976|139.71500|128.36400|47.122002|438.19299|227.74620|231.68920|230.49926|0.0000000|1531146.0|1573193.0|919.95080|919.28330
1.6032239|140.79500|129.39200|49.429001|440.64899|225.70390|226.71190|224.65764|0.0000000|1529497.0|1572579.0|919.49770|919.87430
1.5981260|139.86501|128.47200|48.974998|440.16400|228.50140|229.95360|228.31686|0.0000000|1531048.0|1572539.0|920.12150|919.51110
1.5930707|139.43700|127.95100|47.601002|438.72800|224.87920|227.56790|225.79144|0.0000000|1532199.0|1573447.0|920.31870|919.60870
1.5695100|139.98100|128.49200|47.965000|439.19400|226.39370|226.82430|225.58354|0.0000000|1531147.0|1572666.0|919.93270|919.30550
1.5641991|139.56900|128.22301|48.487000|439.85901|228.67810|230.78200|229.48967|0.0000000|1531956.0|1573101.0|920.42330|919.71840
1.5599785|139.73500|128.27400|48.235001|439.55499|230.21540|231.06920|230.49177|0.0000000|1531288.0|1572935.0|919.95510|919.54850
1.5547539|140.31400|128.82001|47.590000|438.74899|227.99110|230.90450|229.65951|0.0000000|1530897.0|1573139.0|919.88130|919.45730
1.5505696|140.37199|128.98100|48.345001|439.59399|226.82300|230.44830|228.37418|0.0000000|1530752.0|1572466.0|919.84720|919.31960
1.5449848|140.28700|128.85899|47.962002|439.19800|226.93030|227.06200|226.72001|0.0000000|1530969.0|1573211.0|919.91930|919.62290
1.5404302|139.69400|128.24100|48.863998|440.04501|224.96780|227.12540|225.12450|0.0000000|1530588.0|1573296.0|919.79060|919.87120
1.5230608|139.93100|128.51199|48.094002|439.37500|227.14710|228.94490|226.87068|0.0000000|1531402.0|1573524.0|920.06740|919.85190
1.5182266|139.77400|128.28400|48.330002|439.58701|226.15320|225.90060|226.19066|0.0000000|1531146.0|1573015.0|919.90450|919.60150
1.5143957|139.85001|128.34500|48.798000|440.14001|225.26140|228.23900|226.52867|0.0000000|1530781.0|1572838.0|919.89850|919.64480
1.5105317|139.95700|128.38800|49.547001|440.70099|227.40790|228.80880|227.95918|0.0000000|1529304.0|1572922.0|919.37480|919.82370
1.5053926|139.77901|128.31300|49.487000|440.79700|230.48380|232.19520|230.85483|0.0000000|1529771.0|1572957.0|919.59420|919.84110
1.5012107|139.54601|128.09000|48.162998|439.38199|233.18570|235.13980|233.80201|0.0000000|1531036.0|1572858.0|919.75260|919.44480
1.4974979|139.29300|127.82100|48.179001|439.40500|237.70380|239.95140|237.95072|0.0000000|1531473.0|1572989.0|919.94300|919.49910
1.4929145|139.30000|127.75600|48.285999|439.52600|237.71360|241.18580|239.09717|0.0000000|1531438.0|1572975.0|919.96820|919.48110
1.4892876|139.40100|127.97000|49.330002|440.57199|239.52310|241.25890|240.69618|0.0000000|1530646.0|1572452.0|919.94760|919.44560
1.4856285|139.54800|128.07800|48.354000|439.60199|241.68180|242.89360|241.15674|0.0000000|1531466.0|1572737.0|920.06770|919.43200
1.4811467|139.64500|128.08000|48.867001|440.01999|241.41600|243.43201|242.44944|0.0000000|1530528.0|1573435.0|919.75280|919.91430
1.4767870|139.84500|128.37601|48.462002|439.71100|241.94570|244.76080|242.63784|0.0000000|1530631.0|1573078.0|919.65910|919.66370
1.4737151|139.92000|128.50000|48.790001|440.17200|238.58740|242.08020|240.51983|0.0000000|1530895.0|1572499.0|919.97400|919.49670
1.4689481|138.52000|127.00500|48.061001|439.25400|240.32110|242.77250|241.58701|0.0000000|1531547.0|1573769.0|919.73780|919.70770
1.4659225|138.98801|127.62100|48.076000|439.41101|240.47430|241.61720|240.41459|0.0000000|1532177.0|1573637.0|920.21650|919.84420
1.4616622|139.97200|128.40199|48.318001|439.47900|236.66570|237.97730|236.26196|0.0000000|1531005.0|1573720.0|919.86800|919.98950
1.4582741|139.87900|128.36400|49.437000|440.65201|237.28070|239.08110|237.04420|0.0000000|1529787.0|1573035.0|919.60080|919.87190
1.4536757|140.07300|128.60600|49.015999|440.20901|239.26720|240.09590|238.14951|0.0000000|1530709.0|1572684.0|919.95670|919.64060
1.4507664|140.07401|128.57401|48.285000|439.56799|239.75980|239.87801|239.45401|0.0000000|1531042.0|1573806.0|919.91240|920.04380
1.4462361|139.33600|127.76400|48.145000|439.26901|239.85560|242.97510|240.79843|0.0000000|1531409.0|1573285.0|919.90750|919.65300
1.4429767|139.13100|127.84400|47.542999|438.85999|237.12250|238.72650|236.99782|0.0000000|1531602.0|1573439.0|919.86140|919.63010
1.4389585|139.98801|128.46500|48.738998|439.93201|235.62300|238.12620|235.77302|0.0000000|1530840.0|1572363.0|919.93180|919.32790
1.4361600|139.85699|128.37500|48.721001|439.95499|236.44580|236.50820|236.01765|0.0000000|1530605.0|1572729.0|919.76630|919.54280
1.4317873|139.36800|127.85800|48.516998|439.78101|239.63440|240.95450|239.48666|0.0000000|1531570.0|1573264.0|920.16570|919.72190
1.4290296|139.83400|128.34500|47.584999|438.85199|238.23920|239.89380|238.73237|0.0000000|1531046.0|1573073.0|919.78720|919.43060
1.4251245|140.83701|129.28000|48.721001|439.88400|238.46180|237.79350|237.88050|0.0000000|1530082.0|1572672.0|919.58270|919.61370
1.4220030|139.65199|128.12900|48.277000|439.58499|234.74310|238.29401|236.12771|0.0000000|1531248.0|1572822.0|919.91980|919.48160
1.4181794|139.86301|128.38000|48.257999|439.48700|234.54210|237.14430|235.01722|0.0000000|1531039.0|1573553.0|919.84900|919.89410
1.4151524|139.97301|128.44600|49.477001|440.72900|229.04510|232.51590|231.42892|0.0000000|1529310.0|1572700.0|919.34850|919.71710
1.4110647|139.07201|127.62800|48.088001|439.33301|230.36990|232.50630|230.14568|0.0000000|1532097.0|1573354.0|920.20350|919.67510
1.4080831|138.53200|127.21100|48.515999|439.71100|229.03110|230.94640|228.79774|0.0000000|1533000.0|1573471.0|920.70990|919.70290
1.4050961|139.27499|128.02600|49.488998|440.97101|228.96020|234.05410|231.89988|0.0000000|1530447.0|1573098.0|919.80880|919.90750
1.4010952|139.19501|127.67200|49.104000|440.25900|233.56640|234.42270|234.17767|0.0000000|1531020.0|1573264.0|920.03480|919.78810
1.3978430|139.68500|128.32201|47.205002|438.59399|231.93290|233.88590|232.98661|0.0000000|1531294.0|1573320.0|920.00190|919.50880
1.3949688|139.60201|128.16299|48.030998|439.42700|232.18640|232.60980|231.86706|0.0000000|1530951.0|1572846.0|919.67880|919.45970
1.3914071|139.19800|127.79000|48.757000|440.01801|231.73790|230.53560|230.86376|0.0000000|1531102.0|1573586.0|919.93760|919.94590
1.3889468|139.32201|127.81000|47.834999|439.17200|229.72730|232.25340|230.03329|0.0000000|1531649.0|1573262.0|919.95790|919.62780
1.3854321|139.38600|128.14500|48.749001|440.10101|227.51540|228.40480|227.52948|0.0000000|1530879.0|1573311.0|919.86090|919.86340
1.3826354|139.17500|127.54600|49.463001|440.59100|226.77310|228.65770|226.92674|0.0000000|1530348.0|1573786.0|919.69990|920.19810
1.3788954|139.29500|127.81800|47.769001|438.98700|229.45130|230.50240|229.16253|0.0000000|1531845.0|1573708.0|920.05790|919.82390
1.3761620|139.34801|127.94000|47.785999|439.04001|226.34520|228.90680|226.90980|0.0000000|1531669.0|1573372.0|919.96920|919.66440
1.3727915|139.30600|127.80000|49.120998|440.42499|223.83070|225.95140|224.47165|0.0000000|1530653.0|1572957.0|919.85470|919.66410
1.3704542|138.47600|126.89200|48.567001|439.85501|221.07360|224.10370|222.07938|0.0000000|1532837.0|1573666.0|920.59400|919.82270
1.3668159|139.66701|128.17101|49.280998|440.52499|222.06280|223.35510|222.29759|0.0000000|1530371.0|1572645.0|919.84490|919.57500
1.3645104|139.18401|127.63900|48.137001|439.47198|222.07040|222.20670|222.20265|0.0000000|1531823.0|1573601.0|920.09610|919.82740
1.3612505|140.17999|128.69000|50.046001|441.02600|221.81110|224.80200|222.63958|0.0000000|1530014.0|1572727.0|919.94290|919.89490
1.3586691|139.99899|128.42300|49.160000|440.37799|219.76880|221.84810|220.97200|0.0000000|1530837.0|1573282.0|920.10380|919.98390
1.3551720|139.78000|128.30499|48.674999|439.92401|215.35690|218.97930|217.00592|0.0000000|1530826.0|1573057.0|919.87050|919.71910
1.3494993|139.66000|128.26100|48.035000|439.49200|213.31810|216.34340|214.16146|0.0000000|1531243.0|1572885.0|919.87070|919.50770
1.3470095|139.54500|127.96700|49.717999|440.71701|213.39760|213.22330|213.35470|0.0000000|1530086.0|1573219.0|919.75690|919.93090
1.3445135|139.53101|127.92700|48.498001|439.70801|211.08550|212.56680|211.73601|0.0000000|1532180.0|1573283.0|920.55750|919.73610
1.3411737|140.23399|128.71001|48.039001|439.46799|209.48570|211.73960|210.01028|0.0000000|1531100.0|1573019.0|919.99370|919.56830
1.3384630|139.11600|127.53900|48.320999|439.62201|212.36330|211.27840|211.94422|0.0000000|1531470.0|1573744.0|919.93550|919.90450
1.3330744|140.12801|128.64101|49.070999|440.42700|213.03370|215.14850|213.76920|0.0000000|1530656.0|1573020.0|919.96720|919.90270
1.3310081|139.33501|127.74100|49.091000|440.38599|212.88890|215.58750|213.10528|0.0000000|1530651.0|1573106.0|919.85120|919.73550
1.3278171|139.33600|127.77800|48.630001|439.82300|209.40750|212.10950|209.82511|0.0000000|1531219.0|1573267.0|919.99580|919.71250
1.3205949|138.89200|127.34600|49.001999|440.25601|206.34580|209.46890|207.28945|0.0000000|1531619.0|1573212.0|920.23090|919.77170
1.3175451|138.74600|127.21400|48.556000|439.81500|207.32360|209.59620|207.41194|0.0000000|1531472.0|1573418.0|919.91320|919.70940
1.3155774|138.90100|127.42600|48.566002|439.97601|206.23930|208.97280|206.75068|0.0000000|1531136.0|1572680.0|919.78090|919.36330
1.3125469|138.79700|127.20000|48.319000|439.52200|206.46520|207.99890|206.88169|0.0000000|1531812.0|1573094.0|920.04500|919.42120
1.3106235|138.67599|127.20000|47.990002|439.35199|207.06850|209.55360|207.57318|0.0000000|1532114.0|1573378.0|920.10590|919.54910
1.3076506|139.17300|127.56900|47.924000|439.14700|205.52720|210.37470|208.00998|0.0000000|1532087.0|1573022.0|920.18750|919.41970
1.3055029|138.56100|127.00400|49.098999|440.34799|205.34990|208.71001|207.12302|0.0000000|1531094.0|1573064.0|919.76750|919.69940
1.3033291|138.86400|127.19800|49.094002|440.23599|204.55990|208.06260|207.12439|0.0000000|1531422.0|1573197.0|920.12670|919.74190
1.3009787|138.82201|127.28300|48.576000|439.85300|205.24800|206.72560|204.76267|0.0000000|1531358.0|1573225.0|919.88580|919.61980
1.2633032|139.24600|127.46300|48.720001|439.84100|197.11610|200.03999|198.20456|0.0000000|1531211.0|1572966.0|920.00490|919.49310
1.2613006|138.28200|126.74800|48.659000|439.97501|196.83870|199.13910|198.13020|0.0000000|1532114.0|1573642.0|920.10000|919.82820
1.2597305|139.70900|127.98300|49.054001|440.32599|197.63480|199.23430|198.87385|0.0000000|1530667.0|1573140.0|919.91800|919.76950
1.2573303|139.28999|127.63900|49.744999|441.08701|197.46330|199.66030|197.49532|0.0000000|1530511.0|1572786.0|919.91910|919.79300
1.2558117|139.12700|127.54500|49.455002|440.67700|195.39550|197.28020|196.53061|0.0000000|1530403.0|1573180.0|919.71090|919.87330
1.2538859|138.87700|127.12300|48.542999|439.83401|194.79340|198.30430|196.41523|0.0000000|1531231.0|1573587.0|919.82070|919.80000
1.2519381|139.00700|127.42100|48.882000|440.15701|196.42450|197.88160|196.43404|0.0000000|1531651.0|1572977.0|920.25000|919.59440
1.2496582|138.32100|126.69700|48.169998|439.44299|193.55260|197.67280|195.04951|0.0000000|1532224.0|1573618.0|920.09170|919.61930
1.2477838|139.22099|127.56900|49.220001|440.62299|193.50400|194.57720|193.93195|0.0000000|1530735.0|1573500.0|919.90260|920.03930
1.2463243|138.89101|127.34100|48.814999|440.07199|192.61560|194.13970|193.08700|0.0000000|1531510.0|1573175.0|920.08920|919.67150
1.2444849|138.90300|127.19800|47.758999|439.03101|191.90490|193.05510|192.69896|0.0000000|1532191.0|1573954.0|920.17270|919.80940
1.2422561|139.67700|127.89200|49.165001|440.64099|191.94730|193.37530|192.30102|0.0000000|1530393.0|1572862.0|919.79980|919.68930
1.2404554|139.26801|127.56800|48.319000|439.60699|191.95970|194.53760|192.66132|0.0000000|1531471.0|1573811.0|919.99030|919.94730
1.2390601|138.71700|127.08500|49.166000|440.50400|192.35190|194.29950|192.14073|0.0000000|1531166.0|1572533.0|919.91130|919.45570
1.2369155|139.96800|128.32500|48.848999|440.09900|189.33220|194.28000|191.36491|0.0000000|1531087.0|1572905.0|920.11480|919.67170
1.2324678|138.66499|127.17500|50.167000|441.35901|191.79370|194.24040|192.18802|0.0000000|1530887.0|1572616.0|919.85800|919.85700
1.2309066|138.42400|126.77100|50.043999|441.12799|191.42240|193.86240|191.76729|0.0000000|1530636.0|1573050.0|919.59370|919.93880
1.2292304|138.41299|126.70500|48.980000|440.29901|190.19600|192.58410|191.06536|0.0000000|1531224.0|1573278.0|919.72780|919.75080
1.2275480|138.35400|126.69400|49.202000|440.48401|189.48570|190.15570|189.94769|0.0000000|1531543.0|1573290.0|919.96320|919.81450
1.2259050|139.36501|127.66600|49.291000|440.55399|189.22290|191.33110|189.21347|0.0000000|1530593.0|1573262.0|919.89210|919.88100
1.2239088|139.18500|127.48600|49.028999|440.20300|189.26760|191.57980|190.20215|0.0000000|1531369.0|1572813.0|920.21250|919.52000
1.2226452|139.17000|127.39300|49.674000|440.84500|188.70450|191.18410|189.80320|0.0000000|1530482.0|1572806.0|919.83840|919.72650
1.2210283|139.38400|127.76300|49.076000|440.34900|188.47870|190.93850|189.23859|0.0000000|1530415.0|1573210.0|919.72320|919.78170
1.2190934|138.16901|126.43600|48.993000|440.25299|187.57850|190.06230|189.13196|0.0000000|1532449.0|1573246.0|920.37900|919.62650
1.2175249|138.74001|127.02300|49.155998|440.37201|189.32640|193.70610|190.75512|0.0000000|1531159.0|1572905.0|919.91840|919.61870
1.2163172|139.31200|127.68700|49.212002|440.52802|191.39060|193.93730|191.75267|0.0000000|1530708.0|1573197.0|919.92120|919.83800
1.2144416|138.79700|127.06200|48.749001|439.89499|189.44520|192.80420|191.58738|0.0000000|1531513.0|1573731.0|920.01630|919.89670
1.2114191|139.10001|127.33800|49.063000|440.33301|193.95350|195.77020|193.61889|0.0000000|1531259.0|1573168.0|920.13200|919.77250
1.2102648|139.01601|127.31500|48.457001|439.68600|192.65770|194.59010|192.33287|0.0000000|1530839.0|1573351.0|919.58620|919.64350
1.2087854|139.11301|127.44000|49.094002|440.30600|191.71370|192.54900|192.22466|0.0000000|1531228.0|1573195.0|920.12940|919.77690
1.2073277|138.86900|127.14000|48.844002|440.08301|191.66901|193.78990|192.00465|0.0000000|1531543.0|1573594.0|920.11050|919.90550
1.2055655|138.79900|127.15600|48.710999|439.84698|190.16680|193.19440|190.79423|0.0000000|1531555.0|1573599.0|920.02850|919.81550
1.2041381|138.91200|127.33200|48.703999|439.94901|189.30920|191.81970|189.45584|0.0000000|1531438.0|1573242.0|920.01000|919.66610
1.2027319|138.40199|126.69500|48.811001|440.07199|189.13670|190.34670|188.61436|0.0000000|1531692.0|1573462.0|919.95700|919.75130
1.2016398|138.55701|126.82300|48.764999|440.01099|188.08990|188.68770|187.66609|0.0000000|1531514.0|1573921.0|919.90090|920.01570
1.2002737|138.83501|127.03700|49.787998|441.12701|186.25750|187.42400|186.56368|0.0000000|1530904.0|1573352.0|919.94620|920.17630
1.1989003|138.45000|126.65700|49.487999|440.67200|187.36730|189.11120|187.37265|0.0000000|1532357.0|1573223.0|920.57650|919.81150
1.1975475|138.99600|127.21300|49.504002|440.67401|188.64320|189.48670|189.17097|0.0000000|1530063.0|1573071.0|919.45690|919.82770
1.1959272|138.99699|127.14600|49.138000|440.29001|191.90260|193.77980|192.08399|0.0000000|1531505.0|1573074.0|920.25630|919.68990
1.1946023|138.21500|126.56700|48.957001|440.35001|192.68440|193.90210|192.29656|0.0000000|1532282.0|1573545.0|920.28350|919.88230
1.1935823|138.78400|127.08600|49.318001|440.58499|192.57070|195.25940|192.81736|0.0000000|1531168.0|1572695.0|919.98350|919.57590
1.1922957|138.91499|127.12600|48.453999|439.74600|194.03320|195.37450|193.07885|0.0000000|1531088.0|1573445.0|919.70550|919.68740
1.1910286|138.62700|126.91700|48.270000|439.58701|193.65401|195.70790|193.53594|0.0000000|1531967.0|1573116.0|920.06610|919.40780
1.1897674|139.20799|127.43200|49.687000|440.85599|192.52499|196.17270|193.10381|0.0000000|1530538.0|1572765.0|919.89170|919.70410
1.1885121|138.56500|126.82000|48.889000|440.10800|192.13699|194.50760|193.27051|0.0000000|1531310.0|1573522.0|919.82540|919.83020
1.1872891|138.74800|127.02000|49.270000|440.47000|191.21290|193.02770|191.86292|0.0000000|1531326.0|1572403.0|920.04780|919.36040
1.1858077|138.47501|126.84800|49.473999|440.79199|191.62980|193.13430|191.62413|0.0000000|1532435.0|1573167.0|920.63060|919.88980
1.1846102|138.91701|127.12100|49.102001|440.33801|191.00330|191.88290|190.51525|0.0000000|1531415.0|1573000.0|920.15180|919.66980
1.1836796|138.42200|126.67900|48.928001|440.19699|188.85290|190.74210|188.74222|0.0000000|1531272.0|1573317.0|919.74610|919.72210
1.1825047|137.93500|126.17300|48.925999|440.20300|187.40601|189.92240|188.02763|0.0000000|1532439.0|1573712.0|920.27400|919.77120
1.1811017|137.94299|126.18200|48.470001|439.70001|186.69010|188.87801|187.77961|0.0000000|1531810.0|1573686.0|919.77390|919.62950
1.1799512|138.84000|127.15400|49.526001|440.75400|186.57320|190.51120|188.39407|0.0000000|1530626.0|1572993.0|919.72590|919.81370
1.1788314|137.66400|125.86100|49.094002|440.37299|188.09070|188.47760|188.46671|0.0000000|1532056.0|1573592.0|920.06460|919.61500
1.1779596|137.97501|126.30000|49.528999|440.76401|187.15180|190.12320|187.89707|0.0000000|1530945.0|1573525.0|919.60870|919.86970
1.1768612|138.26500|126.56100|49.210999|440.32901|187.99600|190.19370|188.87778|0.0000000|1531759.0|1573452.0|920.06010|919.81950
1.1757675|138.40800|126.67400|49.250999|440.51401|188.11030|190.10150|189.51203|0.0000000|1531404.0|1573384.0|919.91970|919.87060
1.1746911|138.72099|126.92900|49.529999|440.66199|189.03860|190.08240|189.98102|0.0000000|1530985.0|1573009.0|919.88020|919.76320
1.1734054|138.78101|127.04200|49.037998|440.23801|191.30030|192.28960|190.26188|0.0000000|1531633.0|1573495.0|920.19110|919.90980
1.1723640|138.61900|126.94100|49.640999|440.89600|190.03680|190.58630|190.31257|0.0000000|1531354.0|1573340.0|920.07940|920.05690
1.1713269|137.89301|126.17900|49.062000|440.33301|189.25700|190.57470|189.01984|0.0000000|1532401.0|1573530.0|920.29010|919.70850
1.1705426|138.29900|126.65400|49.369999|440.64899|187.78130|188.84560|187.56390|0.0000000|1531604.0|1573290.0|920.02400|919.84330
1.1693151|138.31700|126.60900|48.488998|439.70599|187.16320|188.52830|186.88863|0.0000000|1532280.0|1573537.0|920.15510|919.66350
1.1673563|138.62300|126.98500|48.999001|440.15100|184.08950|187.57620|185.41175|0.0000000|1531206.0|1573823.0|919.83150|920.05670
1.1663888|138.62399|127.00200|49.104000|440.41800|185.27860|186.29820|185.50842|0.0000000|1531169.0|1572603.0|919.84630|919.45730
1.1656444|137.96001|126.24700|49.680000|440.82800|184.53790|186.90790|185.34427|0.0000000|1531596.0|1573449.0|920.01510|919.81390
1.1647080|138.13400|126.37900|48.877998|440.09201|183.83260|186.78020|184.96866|0.0000000|1532274.0|1573281.0|920.22870|919.56900
1.1637872|138.29900|126.64200|49.124001|440.31900|183.77760|187.24260|185.47756|0.0000000|1531663.0|1573347.0|919.98730|919.78320
1.1617883|137.64400|125.88600|49.629002|440.82599|185.71920|188.55960|187.48076|0.0000000|1532011.0|1573860.0|920.16220|919.92260
1.1609025|138.52699|126.80200|49.414001|440.63000|187.55130|190.00340|188.12048|0.0000000|1532058.0|1573008.0|920.41490|919.72350
1.1600320|138.16600|126.60800|49.020000|440.30200|186.55870|187.73910|186.80641|0.0000000|1532429.0|1573356.0|920.37280|919.77140
1.1593663|137.73700|126.06500|49.425999|440.68100|185.76640|187.41930|185.32378|0.0000000|1531700.0|1573598.0|919.98220|919.78630
1.1585250|138.19600|126.46300|48.826000|440.00299|182.78950|185.88490|184.11368|0.0000000|1532098.0|1572795.0|920.12710|919.28730
1.1576867|137.70599|125.97300|49.396000|440.63800|183.52760|183.78030|183.06247|0.0000000|1531896.0|1573509.0|920.08320|919.68110
1.1568632|137.90401|126.17800|48.617001|439.80899|183.13770|184.61190|183.09434|0.0000000|1532126.0|1573805.0|919.98340|919.72370
1.1560425|137.63100|125.87800|48.234001|439.49399|183.79820|183.93770|182.86113|0.0000000|1532529.0|1573526.0|920.18070|919.38480
1.1552714|139.06100|127.37100|48.547001|439.75601|183.94580|185.41790|183.26736|0.0000000|1530806.0|1573301.0|919.62220|919.64470
1.1543169|138.29700|126.54500|49.043999|440.39999|183.10500|183.73740|183.68178|0.0000000|1531900.0|1573921.0|920.10530|920.11010
1.1537252|137.70100|125.90000|49.431999|440.59601|183.16210|183.29700|183.52158|0.0000000|1531864.0|1573437.0|920.07310|919.59830
1.1529733|137.52600|125.81500|50.039001|441.19501|184.54960|184.85040|183.85363|0.0000000|1531219.0|1573700.0|919.63090|919.93650
1.1520628|138.12500|126.48100|49.161999|440.43500|183.38570|185.23100|183.88274|0.0000000|1532045.0|1574276.0|920.16600|920.30750
1.1514999|136.93201|125.24800|48.726002|439.88800|182.60860|184.09230|182.82095|0.0000000|1532904.0|1574441.0|920.36450|919.73270
1.1507782|137.35600|125.69400|49.006001|440.23099|182.23920|183.26210|181.92355|0.0000000|1532148.0|1574015.0|920.06800|919.77630
1.1500816|137.88699|126.26600|48.738998|439.92499|180.32310|182.40401|181.46750|0.0000000|1532346.0|1573821.0|920.14040|919.79710
1.1493871|137.83701|126.10800|49.575001|440.75400|181.77499|183.24160|180.75067|0.0000000|1531455.0|1573700.0|919.89490|919.88620
1.1487061|138.20100|126.48500|49.540001|440.75699|180.79240|182.21520|180.28427|0.0000000|1531223.0|1573026.0|919.82310|919.65010
1.1478916|137.60500|125.90200|48.895000|440.07101|179.93660|181.61770|179.53930|0.0000000|1532025.0|1574146.0|919.97270|919.89780
1.1473841|138.38499|126.67200|49.417000|440.69199|179.05250|180.99150|178.82359|0.0000000|1531889.0|1573174.0|920.24420|919.79520
1.1467428|137.52699|125.83900|48.308998|439.51999|178.93080|180.96440|179.52745|0.0000000|1532673.0|1573560.0|920.25120|919.39940
1.1459803|137.74300|126.06600|49.070000|440.15399|178.64820|180.36330|179.68494|0.0000000|1532365.0|1574086.0|920.24710|919.93850
1.1453654|137.68600|125.88700|48.175999|439.57800|180.01100|181.23280|179.78110|0.0000000|1532498.0|1573576.0|920.17860|919.43710
1.1447634|137.89700|126.18900|48.308998|439.50101|179.45640|181.59390|179.43532|0.0000000|1532440.0|1573281.0|920.14100|919.35910
1.1442963|137.57899|125.89300|49.117001|440.34601|177.96640|179.05780|178.19991|0.0000000|1531851.0|1573635.0|919.94300|919.64520
1.1437194|137.78000|126.05800|48.645000|439.95801|176.85090|179.29700|178.25756|0.0000000|1532382.0|1573945.0|920.12310|919.80730
1.1431551|137.69099|125.99400|49.051998|440.33099|177.75320|179.44080|178.55578|0.0000000|1532201.0|1573738.0|920.13650|919.74400
1.1425922|138.02600|126.25100|49.636002|440.80200|179.13600|180.30420|178.50157|0.0000000|1531375.0|1573473.0|919.89480|919.82450
1.1419318|137.61900|125.82700|48.713001|439.98001|177.89200|178.65350|178.42384|0.0000000|1532439.0|1574397.0|920.16900|919.99590
1.1415256|137.23500|125.49300|49.226002|440.45700|177.57310|178.92030|178.02063|0.0000000|1532304.0|1575064.0|920.18010|920.38160
1.1409998|137.08099|125.30900|49.237999|440.49899|178.55701|178.21550|177.41414|0.0000000|1532630.0|1574196.0|920.32570|919.81860
1.1404970|137.48801|125.76100|49.289001|440.44901|178.81550|179.43440|178.13810|0.0000000|1532046.0|1573634.0|920.09310|919.62370
1.1398975|137.03400|125.41000|49.570000|440.78400|178.40790|180.23430|178.47887|0.0000000|1531774.0|1573802.0|919.78540|919.70950
1.1395169|137.85899|126.17700|48.834000|440.00201|178.46930|179.97030|177.59686|0.0000000|1532482.0|1574179.0|920.24340|919.99910
1.1390501|137.99300|126.28000|48.721001|439.95300|177.98000|178.44050|177.40579|0.0000000|1532464.0|1573809.0|920.23070|919.80410
1.1384871|137.53700|125.82800|48.564999|439.81500|176.97701|178.88750|177.43261|0.0000000|1533430.0|1574009.0|920.71730|919.72560
1.1380442|137.14799|125.52400|48.844002|440.05200|177.78160|178.53250|178.01719|0.0000000|1532742.0|1573442.0|920.33770|919.31490
1.1376130|137.49500|125.77700|48.650002|439.89001|180.35420|180.41880|178.48040|0.0000000|1532809.0|1574083.0|920.36760|919.76790
1.1372794|137.37300|125.62300|48.887001|440.16901|179.70070|180.57840|179.44354|0.0000000|1532130.0|1573810.0|920.02630|919.61680
1.1368713|136.92400|125.24200|48.884998|440.17801|179.67770|179.76790|179.42153|0.0000000|1532979.0|1574277.0|920.43090|919.72010
1.1364746|137.25700|125.59000|48.659000|439.86600|180.56120|180.85180|179.07489|0.0000000|1532649.0|1573808.0|920.23670|919.51080
1.1360787|137.23000|125.54200|49.575001|440.72101|177.68760|178.92570|178.21204|0.0000000|1531970.0|1573785.0|919.99080|919.73500
1.1357049|137.49800|125.77500|49.519001|440.75101|177.92930|177.70290|177.79540|0.0000000|1533105.0|1573840.0|920.77780|919.84600
1.1353424|137.20700|125.50400|48.730000|439.92200|178.16450|179.01710|178.13316|0.0000000|1532626.0|1573549.0|920.24160|919.32970
1.1349167|137.67599|125.95300|49.216999|440.53799|178.69070|177.87860|177.91803|0.0000000|1532064.0|1573070.0|920.11830|919.38700
1.1346511|137.74200|126.12000|49.009998|440.12900|174.18270|177.79750|177.54237|0.0000000|1532393.0|1573957.0|920.23820|919.87730
1.1342480|137.34000|125.67300|49.430000|440.58899|176.53630|177.51140|177.20313|0.0000000|1532278.0|1573999.0|920.21750|919.85600
1.1340045|137.30499|125.68000|48.790001|440.08200|177.04420|177.63350|176.65776|0.0000000|1532550.0|1573939.0|920.22830|919.69080
1.1336978|136.96400|125.36400|49.028000|440.24200|174.94450|176.27690|175.90312|0.0000000|1532664.0|1574132.0|920.27310|919.71300
1.1333387|136.96300|125.31700|48.181000|439.37701|175.84620|176.33670|175.89434|0.0000000|1533287.0|1574423.0|920.58720|919.63710
1.1330646|137.25101|125.64100|48.467999|439.68900|175.09220|175.31350|175.03491|0.0000000|1532495.0|1574083.0|920.10100|919.65480
